Starting Dynare (version 4.5.7).
Starting preprocessing of the model file ...
Found 28 equation(s).
Evaluating expressions...done
Computing static model derivatives:
 - order 1
Computing dynamic model derivatives:
 - order 1
 - order 2
Processing outputs ...
done
Preprocessing completed.

STEADY-STATE RESULTS:

vy      		 0
vc      		 0
vx      		 0
vk      		 0
vn      		 0
vmc     		 0
vd      		 0
vcS     		 0
vcH     		 0
vtH     		 0
vpi     		 0
vpiw    		 0
vw      		 0
vmw     		 0
vrk     		 0
vq      		 0
vi      		 0
vr      		 0
vki     		 0
vkl     		 0
vtfi    		 0
vyS     		 0
vyH     		 0
vcineq  		 0
vyineq  		 0
vctilde 		 0
vis     		 0
vz      		 0

EIGENVALUES:
         Modulus             Real        Imaginary

       5.469e-17       -5.469e-17                0
             0.6              0.6                0
          0.6536           0.6536                0
             0.9              0.9                0
          0.9628           0.9628                0
               1           0.9568           0.2916
               1           0.9568          -0.2916
            1.04             1.04                0
           1.454            1.454                0
       5.923e+17        5.923e+17                0
       6.384e+17        6.384e+17                0


There are 6 eigenvalue(s) larger than 1 in modulus 
for 6 forward-looking variable(s)

The rank condition is verified.





Residuals of the static equations:

Equation number 1 : 0
Equation number 2 : 0
Equation number 3 : 0
Equation number 4 : 0
Equation number 5 : 0
Equation number 6 : 0
Equation number 7 : 0
Equation number 8 : 0
Equation number 9 : 0
Equation number 10 : 0
Equation number 11 : 0
Equation number 12 : 0
Equation number 13 : 0
Equation number 14 : 0
Equation number 15 : 0
Equation number 16 : 0
Equation number 17 : 0
Equation number 18 : 0
Equation number 19 : 0
Equation number 20 : 0
Equation number 21 : 0
Equation number 22 : 0
Equation number 23 : 0
Equation number 24 : 0
Equation number 25 : 0
Equation number 26 : 0
Equation number 27 : 0
Equation number 28 : 0



MODEL SUMMARY

  Number of variables:         28
  Number of stochastic shocks: 2
  Number of state variables:   5
  Number of jumpers:           6
  Number of static variables:  17


MATRIX OF COVARIANCE OF EXOGENOUS SHOCKS
Variables         shz       shi
shz          1.000000  0.000000
shi          0.000000  1.000000

POLICY AND TRANSITION FUNCTIONS
                                  vy              vc              vx              vk              vn             vmc              vd             vcS             vcH             vtH             vpi            vpiw              vw             vmw             vrk              vq              vi              vr             vki             vkl            vtfi             vyS             vyH          vcineq          vyineq         vctilde             vis              vz
vk(-1)                      0.367771        0.493872       -0.042646        0.973934        0.056375       -0.200983        0.200983        0.622507        0.146083               0       -0.075691        0.034722        0.110413        0.439834       -0.833212       -0.104265       -0.113537       -0.047232        0.166788        1.000000        0.775828        0.412159        0.166788        0.476424        0.245371        0.493872               0               0
vw(-1)                     -0.410229       -0.139828       -1.290296       -0.032257       -0.612282        0.440398       -0.440398       -0.201318        0.026424               0        0.067140       -0.290409        0.642451       -1.394561        0.030170       -0.129030        0.100710        0.055134        0.030170               0       -1.304371       -0.507492        0.030170       -0.227742       -0.537661       -0.139828               0               0
vis(-1)                     3.870065        2.194989        9.321880        0.233047        5.776216        2.502787       -2.502787        0.942364        5.581715               0        0.362891        0.959527        0.596636        7.374569        6.372852        0.932188       -0.055664       -0.295817        6.372852               0       -1.211352        3.317319        6.372852       -4.639350       -3.055533        2.194989        0.600000               0
vz(-1)                      1.470203        0.715169        3.927591        0.098190        0.851050       -0.348466        0.348466        0.616299        0.982483               0       -0.062283        0.208405        0.270688        1.295531        1.121738        0.392759       -0.093425       -0.048112        1.121738               0        2.177695        1.547163        1.121738       -0.366184        0.425425        0.715169               0        0.900000
shz                         1.633559        0.794632        4.363990        0.109100        0.945611       -0.387184        0.387184        0.684777        1.091648               0       -0.069204        0.231561        0.300764        1.439479        1.246375        0.436399       -0.103805       -0.053457        1.246375               0        2.419661        1.719070        1.246375       -0.406871        0.472695        0.794632               0        1.000000
shi                         6.450108        3.658315       15.536467        0.388412        9.627027        4.171312       -4.171312        1.570607        9.302858               0        0.604818        1.599212        0.994394       12.290948       10.621420        1.553647       -0.092773       -0.493028       10.621420               0       -2.018920        5.528864       10.621420       -7.732251       -5.092556        3.658315        1.000000               0


THEORETICAL MOMENTS
VARIABLE         MEAN  STD. DEV.   VARIANCE
vy             0.0000     8.5679    73.4083
vc             0.0000     5.4231    29.4099
vx             0.0000    19.7011   388.1334
vk             0.0000     3.8965    15.1825
vn             0.0000    11.4600   131.3310
vmc            0.0000     5.7212    32.7321
vd             0.0000     5.7212    32.7321
vcS            0.0000     3.4511    11.9099
vcH            0.0000    12.0893   146.1515
vtH            0.0000     0.0000     0.0000
vpi            0.0000     0.8217     0.6753
vpiw           0.0000     1.8140     3.2908
vw             0.0000     3.6767    13.5178
vmw            0.0000    14.2364   202.6756
vrk            0.0000    13.2242   174.8793
vq             0.0000     1.9558     3.8251
vi             0.0000     0.3252     0.1058
vr             0.0000     0.5912     0.3495
vki            0.0000    13.8028   190.5179
vkl            0.0000     3.8965    15.1825
vtfi           0.0000     6.0846    37.0225
vyS            0.0000     7.5080    56.3698
vyH            0.0000    13.8028   190.5179
vcineq         0.0000     9.7522    95.1052
vyineq         0.0000     6.9847    48.7866
vctilde        0.0000     5.4231    29.4099
vis            0.0000     1.2500     1.5625
vz             0.0000     2.2942     5.2632



VARIANCE DECOMPOSITION (in percent)
              shz     shi
vy          17.16   82.84
vc          20.60   79.40
vx          15.98   84.02
vk          48.20   51.80
vn           1.46   98.54
vmc          0.74   99.26
vd           0.74   99.26
vcS         48.22   51.78
vcH          5.29   94.71
vtH          8.76   91.24
vpi          4.55   95.45
vpiw         3.92   96.08
vw          39.77   60.23
vmw          1.73   98.27
vrk          3.79   96.21
vq          14.67   85.33
vi          65.33   34.67
vr           3.12   96.88
vki          5.29   94.71
vkl         48.20   51.80
vtfi        51.86   48.14
vyS         23.45   76.55
vyH          5.29   94.71
vcineq       1.20   98.80
vyineq       0.74   99.26
vctilde     20.60   79.40
vis          0.00  100.00
vz         100.00    0.00



MATRIX OF CORRELATIONS
Variables         vy       vc       vx       vk       vn      vmc       vd      vcS      vcH      vpi     vpiw       vw      vmw      vrk       vq       vi       vr      vki      vkl     vtfi      vyS      vyH   vcineq   vyineq  vctilde      vis       vz
vy            1.0000   0.9731   0.9785   0.4478   0.9373   0.8607  -0.8607   0.8283   0.9775   0.7879   0.8469   0.7480   0.9320   0.9223   0.9194  -0.5004  -0.9608   0.9775   0.3324  -0.2349   0.9963   0.9775  -0.9186  -0.8607   0.9731   0.9071   0.4112
vc            0.9731   1.0000   0.9047   0.6363   0.8716   0.8404  -0.8404   0.9187   0.9524   0.7247   0.7306   0.8588   0.8607   0.8363   0.8047  -0.5916  -0.9321   0.9524   0.5353  -0.2340   0.9691   0.9524  -0.8555  -0.8404   1.0000   0.8685   0.4173
vx            0.9785   0.9047   1.0000   0.2585   0.9535   0.8396  -0.8396   0.7096   0.9554   0.8086   0.9125   0.6147   0.9534   0.9573   0.9803  -0.3958  -0.9426   0.9554   0.1355  -0.2250   0.9753   0.9554  -0.9332  -0.8396   0.9047   0.9004   0.3871
vk            0.4478   0.6363   0.2585   1.0000   0.2142   0.2948  -0.2948   0.8513   0.4001   0.0766  -0.0115   0.8346   0.1993   0.1253   0.0627  -0.7637  -0.3836   0.4001   0.9921   0.0679   0.4614   0.4001  -0.1948  -0.2948   0.6363   0.2742   0.3994
vn            0.9373   0.8716   0.9535   0.2142   1.0000   0.9476  -0.9476   0.6134   0.9746   0.9359   0.9575   0.5419   0.9970   0.9890   0.9414  -0.2376  -0.9815   0.9746   0.0961  -0.4892   0.9102   0.9746  -0.9911  -0.9476   0.8716   0.9847   0.0999
vmc           0.8607   0.8404   0.8396   0.2948   0.9476   1.0000  -1.0000   0.5798   0.9487   0.9752   0.8418   0.6080   0.9259   0.9333   0.8072  -0.0997  -0.9352   0.9487   0.1935  -0.6971   0.8139   0.9487  -0.9709  -1.0000   0.8404   0.9876  -0.0657
vd           -0.8607  -0.8404  -0.8396  -0.2948  -0.9476  -1.0000   1.0000  -0.5798  -0.9487  -0.9752  -0.8418  -0.6080  -0.9259  -0.9333  -0.8072   0.0997   0.9352  -0.9487  -0.1935   0.6971  -0.8139  -0.9487   0.9709   1.0000  -0.8404  -0.9876   0.0657
vcS           0.8283   0.9187   0.7096   0.8513   0.6134   0.5798  -0.5798   1.0000   0.7545   0.4026   0.4395   0.9206   0.6060   0.5574   0.5592  -0.8176  -0.7316   0.7545   0.7811   0.0595   0.8477   0.7545  -0.5814  -0.5798   0.9187   0.6097   0.6028
vcH           0.9775   0.9524   0.9554   0.4001   0.9746   0.9487  -0.9487   0.7545   1.0000   0.8933   0.8746   0.7163   0.9623   0.9593   0.9053  -0.3519  -0.9840   1.0000   0.2865  -0.4348   0.9558   1.0000  -0.9727  -0.9487   0.9524   0.9724   0.2280
vpi           0.7879   0.7247   0.8086   0.0766   0.9359   0.9752  -0.9752   0.4026   0.8933   1.0000   0.8774   0.4365   0.9167   0.9401   0.8198   0.0781  -0.8844   0.8933  -0.0263  -0.7523   0.7350   0.8933  -0.9649  -0.9752   0.7247   0.9658  -0.1750
vpiw          0.8469   0.7306   0.9125  -0.0115   0.9575   0.8418  -0.8418   0.4395   0.8746   0.8774   1.0000   0.2990   0.9718   0.9512   0.9450  -0.1681  -0.9128   0.8746  -0.1300  -0.4145   0.8248   0.8746  -0.9287  -0.8418   0.7306   0.9089   0.0311
vw            0.7480   0.8588   0.6147   0.8346   0.5419   0.6080  -0.6080   0.9206   0.7163   0.4365   0.2990   1.0000   0.5051   0.5189   0.4645  -0.5804  -0.6350   0.7163   0.7763  -0.1074   0.7513   0.7163  -0.5622  -0.6080   0.8588   0.5815   0.5447
vmw           0.9320   0.8607   0.9534   0.1993   0.9970   0.9259  -0.9259   0.6060   0.9623   0.9167   0.9718   0.5051   1.0000   0.9807   0.9443  -0.2667  -0.9812   0.9623   0.0808  -0.4552   0.9078   0.9623  -0.9785  -0.9259   0.8607   0.9733   0.0987
vrk           0.9223   0.8363   0.9573   0.1253   0.9890   0.9333  -0.9333   0.5574   0.9593   0.9401   0.9512   0.5189   0.9807   1.0000   0.9634  -0.1516  -0.9472   0.9593   0.0044  -0.4829   0.8954   0.9593  -0.9920  -0.9333   0.8363   0.9665   0.1321
vq            0.9194   0.8047   0.9803   0.0627   0.9414   0.8072  -0.8072   0.5592   0.9053   0.8198   0.9450   0.4645   0.9443   0.9634   1.0000  -0.2529  -0.8955   0.9053  -0.0627  -0.2463   0.9134   0.9053  -0.9244  -0.8072   0.8047   0.8742   0.3183
vi           -0.5004  -0.5916  -0.3958  -0.7637  -0.2376  -0.0997   0.0997  -0.8176  -0.3519   0.0781  -0.1681  -0.5804  -0.2667  -0.1516  -0.2529   1.0000   0.3918  -0.3519  -0.7320  -0.5143  -0.5542  -0.3519   0.1469   0.0997  -0.5916  -0.1832  -0.6631
vr           -0.9608  -0.9321  -0.9426  -0.3836  -0.9815  -0.9352   0.9352  -0.7316  -0.9840  -0.8844  -0.9128  -0.6350  -0.9812  -0.9472  -0.8955   0.3918   1.0000  -0.9840  -0.2712   0.4325  -0.9390  -0.9840   0.9610   0.9352  -0.9321  -0.9740  -0.1513
vki           0.9775   0.9524   0.9554   0.4001   0.9746   0.9487  -0.9487   0.7545   1.0000   0.8933   0.8746   0.7163   0.9623   0.9593   0.9053  -0.3519  -0.9840   1.0000   0.2865  -0.4348   0.9558   1.0000  -0.9727  -0.9487   0.9524   0.9724   0.2280
vkl           0.3324   0.5353   0.1355   0.9921   0.0961   0.1935  -0.1935   0.7811   0.2865  -0.0263  -0.1300   0.7763   0.0808   0.0044  -0.0627  -0.7320  -0.2712   0.2865   1.0000   0.0988   0.3468   0.2865  -0.0788  -0.1935   0.5353   0.1645   0.3595
vtfi         -0.2349  -0.2340  -0.2250   0.0679  -0.4892  -0.6971   0.6971   0.0595  -0.4348  -0.7523  -0.4145  -0.1074  -0.4552  -0.4829  -0.2463  -0.5143   0.4325  -0.4348   0.0988   1.0000  -0.1508  -0.4348   0.5600   0.6971  -0.2340  -0.6080   0.7046
vyS           0.9963   0.9691   0.9753   0.4614   0.9102   0.8139  -0.8139   0.8477   0.9558   0.7350   0.8248   0.7513   0.9078   0.8954   0.9134  -0.5542  -0.9390   0.9558   0.3468  -0.1508   1.0000   0.9558  -0.8849  -0.8139   0.9691   0.8690   0.4804
vyH           0.9775   0.9524   0.9554   0.4001   0.9746   0.9487  -0.9487   0.7545   1.0000   0.8933   0.8746   0.7163   0.9623   0.9593   0.9053  -0.3519  -0.9840   1.0000   0.2865  -0.4348   0.9558   1.0000  -0.9727  -0.9487   0.9524   0.9724   0.2280
vcineq       -0.9186  -0.8555  -0.9332  -0.1948  -0.9911  -0.9709   0.9709  -0.5814  -0.9727  -0.9649  -0.9287  -0.5622  -0.9785  -0.9920  -0.9244   0.1469   0.9610  -0.9727  -0.0788   0.5600  -0.8849  -0.9727   1.0000   0.9709  -0.8555  -0.9897  -0.0694
vyineq       -0.8607  -0.8404  -0.8396  -0.2948  -0.9476  -1.0000   1.0000  -0.5798  -0.9487  -0.9752  -0.8418  -0.6080  -0.9259  -0.9333  -0.8072   0.0997   0.9352  -0.9487  -0.1935   0.6971  -0.8139  -0.9487   0.9709   1.0000  -0.8404  -0.9876   0.0657
vctilde       0.9731   1.0000   0.9047   0.6363   0.8716   0.8404  -0.8404   0.9187   0.9524   0.7247   0.7306   0.8588   0.8607   0.8363   0.8047  -0.5916  -0.9321   0.9524   0.5353  -0.2340   0.9691   0.9524  -0.8555  -0.8404   1.0000   0.8685   0.4173
vis           0.9071   0.8685   0.9004   0.2742   0.9847   0.9876  -0.9876   0.6097   0.9724   0.9658   0.9089   0.5815   0.9733   0.9665   0.8742  -0.1832  -0.9740   0.9724   0.1645  -0.6080   0.8690   0.9724  -0.9897  -0.9876   0.8685   1.0000   0.0000
vz            0.4112   0.4173   0.3871   0.3994   0.0999  -0.0657   0.0657   0.6028   0.2280  -0.1750   0.0311   0.5447   0.0987   0.1321   0.3183  -0.6631  -0.1513   0.2280   0.3595   0.7046   0.4804   0.2280  -0.0694   0.0657   0.4173   0.0000   1.0000



COEFFICIENTS OF AUTOCORRELATION
Order           1       2       3       4       5
vy         0.6173  0.3990  0.2744  0.2027  0.1607
vc         0.7100  0.5368  0.4317  0.3665  0.3245
vx         0.5594  0.3140  0.1783  0.1036  0.0624
vk         0.9921  0.9757  0.9548  0.9316  0.9072
vn         0.5351  0.2769  0.1356  0.0597  0.0201
vmc        0.6809  0.4598  0.3078  0.2040  0.1336
vd         0.6809  0.4598  0.3078  0.2040  0.1336
vcS        0.8559  0.7701  0.7160  0.6790  0.6510
vcH        0.6283  0.4023  0.2643  0.1795  0.1270
vpi        0.6672  0.4399  0.2857  0.1820  0.1125
vpiw       0.4323  0.1478  0.0137 -0.0426 -0.0606
vw         0.9501  0.8643  0.7729  0.6889  0.6165
vmw        0.4929  0.2253  0.0886  0.0223 -0.0072
vrk        0.5815  0.3315  0.1822  0.0930  0.0398
vq         0.5418  0.2871  0.1467  0.0699  0.0280
vi         0.8542  0.7792  0.7407  0.7202  0.7076
vr         0.5391  0.2948  0.1690  0.1068  0.0779
vki        0.6283  0.4023  0.2643  0.1795  0.1270
vkl        0.9921  0.9757  0.9548  0.9316  0.9072
vtfi       0.8482  0.6951  0.5610  0.4515  0.3653
vyS        0.6190  0.4061  0.2871  0.2201  0.1816
vyH        0.6283  0.4023  0.2643  0.1795  0.1270
vcineq     0.6057  0.3620  0.2112  0.1179  0.0602
vyineq     0.6809  0.4598  0.3078  0.2040  0.1336
vctilde    0.7100  0.5368  0.4317  0.3665  0.3245
vis        0.6000  0.3600  0.2160  0.1296  0.0778
vz         0.9000  0.8100  0.7290  0.6561  0.5905
Total computing time : 0h00m00s
